20
4 right
0 0 2 4
0 0 4 8
0 2 16 32
0 2 2 16
4 up
0 0 2 4
0 0 4 8
0 2 16 32
0 0 4 16
4 up
0 0 0 0
0 0 0 0
0 0 0 0
0 0 0 0
4 down
2 2 2 2
2 2 2 2
2 2 2 2
2 2 2 2
4 left
2 2 2 2
2 2 2 2
2 2 2 2
2 2 2 2
4 right
2 2 2 2
2 2 2 2
2 2 2 2
2 2 2 2
4 up
2 2 2 2
2 2 2 2
2 2 2 2
2 2 2 2
4 left
2 2 4 4
2 2 4 4
2 2 4 4
2 2 4 4
4 down
1024 1024 1024 1024
1024 1024 1024 1024
1024 1024 1024 1024
1024 1024 1024 1024
4 left
1024 1024 1024 1024
1024 1024 1024 1024
1024 1024 1024 1024
1024 1024 1024 1024
4 right
1024 1024 1024 1024
1024 1024 1024 1024
1024 1024 1024 1024
1024 1024 1024 1024
4 up
1024 1024 1024 1024
1024 1024 1024 1024
1024 1024 1024 1024
1024 1024 1024 1024
4 down
2 0 0 16
0 0 0 0
0 0 0 2
0 0 16 0
4 up
1024 2 0 0
4 0 0 0
512 0 0 0
16 0 0 0
4 left
2 0 0 0
0 0 0 4
2 0 0 512
4 0 0 0
4 up
0 0 0 0
0 0 2 0
4 2 0 0
0 2 4 0
4 right
64 2 1024 16
4 4 4 4
32 0 8 2
0 4 16 4
4 up
4 512 4 0
0 64 64 4
1024 512 512 4
0 4 4 4
4 right
8 2 128 4
2 4 2 0
256 2 0 4
2 0 4 256
4 up
2 4 2 128
4 2 2 0
4 2 2 0
4 0 128 0
